        A    B     C    D    E   F   G   H   I
0 11 12 9 13 12 11 6 9 9
1  20 44 11 28 60 8 5 12 9
2  29 86 0 31 128 4 0 26 4 
3  28 105 0 28 159 0 0 32 0
4  24 116 0 19 178 0 0 33 0
5  21 125 0 11 192 0 0 33 0
6  19 133 0 4 200 0 0 34 0
7  19 138 0 1 204 0 0 34 0
8  19 141 0 0 206 0 0 34 0
9  19 141 0 0 206 0 0 34 0 
10  19 148 0 0 199 0 0 34 0
11  19 154 0 0 193 0 0 34 0
12  19 163 0 0 184 0 0 34 0
13  19 166 0 0 182 0 0 33 0
14  18 168 0 0 181 0 0 33 0
15  17 170 0 0 180 0 0 33 0
16  16 170 0 0 181 0 0 33 0
17  14 171 0 0 182 0 0 33 0 
18  13 172 0 0 182 0 0 33 0
19  12 172 0 0 183 0 0 33 0
20  10 173 0 0 184 0 0 33 0
21  9 174 0 0 184 0 0 33 0
22  8 174 0 0 185 0 0 33 0 
23  7 175 0 0 185 0 0 33 0
24  5 177 0 0 185 0 0 33 0
25  3 178 0 0 186 0 0 33 0
26  1 180 0 0 186 0 0 33 0
27  0 181 0 0 186 0 0 33 0
28  0 181 0 0 186 0 0 33 0
29  0 181 0 0 186 0 0 33 0
30  0 181 0 0 186 0 0 33 0
31  0 105 0 0 248 0 0 47 0
32  0 44 0 0 296 0 0 60 0
33  0 11 0 0 323 0 0 66 0
34  0 20 0 0 269 0 0 111 0
35  0 31 0 0 205 0 0 164 0
36  0 42 0 0 143 0 0 215 0
37  0 45 0 0 191 0 0 164 0
38  0 45 0 0 240 0 0 115 0
39  0 43 0 0 287 0 0 70 0
40  0 37 0 0 295 0 0 68 0